begins,ends, merchant received,asset received,payment locked, asset locked, 
09.652666,15.148993,14.094682,13.085588,09.958851,12.036922,13.08563
27.265839,32.152924,31.102859,30.6835,27.572814,29.645939,30.684363
45.454256,50.157271,49.108507,48.884467,45.762497,47.838937,48.884535 
04.026701,09.163613,08.277841,07.499682,04.335248,06.465745,07.522237
19.897126,25.169238,24.514667,23.421531,20.212516,22.378542,23.455916
35.654448,40.173402,39.680732,39.12971,35.979343,38.107441,39.182166
52.362925,58.181245,56.912195,55.877881,52.691396,54.852689,55.911792
15.293989,20.189224,19.171928,18.834379,15.616371,17.810621,18.860682
31.370499,36.19652,35.359281,34.876695,31.698762,33.858456,34.899109
54.614157,59.204179,58.679464,58.126351,54.929186,57.103117,58.163622